    -1.686    -109.922399
    -1.674    -108.648408
    -1.662    -107.382483
    -1.650    -106.124603
    -1.638    -104.874743
    -1.626    -103.632884
    -1.614    -102.399003
    -1.602    -101.173077
    -1.590     -99.955084
    -1.578     -98.745004
    -1.566     -97.542813
    -1.554     -96.348489
    -1.542     -95.162012
    -1.530     -93.983357
    -1.518     -92.812504
    -1.506     -91.649430
    -1.494     -90.494114
    -1.482     -89.346533
    -1.470     -88.206665
    -1.458     -87.074489
    -1.446     -85.949981
    -1.434     -84.833121
    -1.422     -83.723886
    -1.410     -82.622254
    -1.398     -81.528203
    -1.386     -80.441711
    -1.374     -79.362756
    -1.362     -78.291316
    -1.350     -77.227368
    -1.338     -76.170892
    -1.326     -75.121864
    -1.314     -74.080263
    -1.302     -73.046067
    -1.290     -72.019253
    -1.278     -70.999800
    -1.266     -69.987686
    -1.254     -68.982888
    -1.242     -67.985384
    -1.230     -66.995154
    -1.218     -66.012173
    -1.206     -65.036421
    -1.194     -64.067875
    -1.182     -63.106514
    -1.170     -62.152314
    -1.158     -61.205255
    -1.146     -60.265315
    -1.134     -59.332470
    -1.122     -58.406699
    -1.110     -57.487981
    -1.098     -56.576292
    -1.086     -55.671612
    -1.074     -54.773917
    -1.062     -53.883187
    -1.050     -52.999398
    -1.038     -52.122529
    -1.026     -51.252557
    -1.014     -50.389462
    -1.002     -49.533220
    -0.990     -48.683810
    -0.978     -47.841209
    -0.966     -47.005396
    -0.954     -46.176349
    -0.942     -45.354045
    -0.930     -44.538463
    -0.918     -43.729580
    -0.906     -42.927374
    -0.894     -42.131824
    -0.882     -41.342907
    -0.870     -40.560601
    -0.858     -39.784884
    -0.846     -39.015735
    -0.834     -38.253131
    -0.822     -37.497049
    -0.810     -36.747469
    -0.798     -36.004368
    -0.786     -35.267724
    -0.774     -34.537515
    -0.762     -33.813719
    -0.750     -33.096313
    -0.738     -32.385276
    -0.726     -31.680587
    -0.714     -30.982221
    -0.702     -30.290159
    -0.690     -29.604377
    -0.678     -28.924854
    -0.666     -28.251567
    -0.654     -27.584495
    -0.642     -26.923616
    -0.630     -26.268907
    -0.618     -25.620346
    -0.606     -24.977912
    -0.594     -24.341582
    -0.582     -23.711334
    -0.570     -23.087147
    -0.558     -22.468997
    -0.546     -21.856864
    -0.534     -21.250725
    -0.522     -20.650558
    -0.510     -20.056342
    -0.498     -19.468053
    -0.486     -18.885670
    -0.474     -18.309171
    -0.462     -17.738534
    -0.450     -17.173737
    -0.438     -16.614758
    -0.426     -16.061574
    -0.414     -15.514164
    -0.402     -14.972506
    -0.390     -14.436577
    -0.378     -13.906357
    -0.366     -13.381821
    -0.354     -12.862949
    -0.342     -12.349719
    -0.330     -11.842108
    -0.318     -11.340095
    -0.306     -10.843657
    -0.294     -10.352772
    -0.282      -9.867418
    -0.270      -9.387574
    -0.258      -8.913217
    -0.246      -8.444325
    -0.234      -7.980877
    -0.222      -7.522849
    -0.210      -7.070220
    -0.198      -6.622969
    -0.186      -6.181072
    -0.174      -5.744508
    -0.162      -5.313256
    -0.150      -4.887292
    -0.138      -4.466594
    -0.126      -4.051142
    -0.114      -3.640912
    -0.102      -3.235883
    -0.090      -2.836033
    -0.078      -2.441339
    -0.066      -2.051780
    -0.054      -1.667333
    -0.042      -1.287977
    -0.030      -0.913690
    -0.018      -0.544448
    -0.006      -0.180231
     0.006       0.178983
     0.018       0.533218
     0.030       0.882494
     0.042       1.226834
     0.054       1.566260
     0.066       1.900793
     0.078       2.230457
     0.090       2.555272
     0.102       2.875262
     0.114       3.190447
     0.126       3.500851
     0.138       3.806495
     0.150       4.107400
     0.162       4.403591
     0.174       4.695087
     0.186       4.981912
     0.198       5.264086
     0.210       5.541634
     0.222       5.814575
     0.234       6.082934
     0.246       6.346730
     0.258       6.605987
     0.270       6.860727
     0.282       7.110971
     0.294       7.356742
     0.306       7.598062
     0.318       7.834952
     0.330       8.067435
     0.342       8.295533
     0.354       8.519268
     0.366       8.738662
     0.378       8.953736
     0.390       9.164514
     0.402       9.371016
     0.414       9.573266
     0.426       9.771284
     0.438       9.965094
     0.450      10.154717
     0.462      10.340175
     0.474      10.521490
     0.486      10.698685
     0.498      10.871781
     0.510      11.040800
     0.522      11.205765
     0.534      11.366697
     0.546      11.523619
     0.558      11.676552
     0.570      11.825519
     0.582      11.970541
     0.594      12.111641
     0.606      12.248841
     0.618      12.382162
     0.630      12.511628
     0.642      12.637259
     0.654      12.759077
     0.666      12.877106
     0.678      12.991367
     0.690      13.101881
     0.702      13.208672
     0.714      13.311761
     0.726      13.411169
     0.738      13.506920
     0.750      13.599035
     0.762      13.687537
     0.774      13.772446
     0.786      13.853786
     0.798      13.931578
     0.810      14.005844
     0.822      14.076607
     0.834      14.143889
     0.846      14.207710
     0.858      14.268095
     0.870      14.325064
     0.882      14.378639
     0.894      14.428843
     0.906      14.475698
     0.918      14.519226
     0.930      14.559448
     0.942      14.596387
     0.954      14.630065
     0.966      14.660504
     0.978      14.687726
     0.990      14.711753
     1.002      14.732607
     1.014      14.750310
     1.026      14.764884
     1.038      14.776351
     1.050      14.784733
     1.062      14.790053
     1.074      14.792331
     1.086      14.791591
     1.098      14.787855
     1.110      14.781143
     1.122      14.771480
     1.134      14.758885
     1.146      14.743382
     1.158      14.724993
     1.170      14.703739
     1.182      14.679643
     1.194      14.652726
     1.206      14.623012
     1.218      14.590520
     1.230      14.555275
     1.242      14.517298
     1.254      14.476610
     1.266      14.433234
     1.278      14.387192
     1.290      14.338506
     1.302      14.287199
     1.314      14.233291
     1.326      14.176805
     1.338      14.117764
     1.350      14.056188
     1.362      13.992101
     1.374      13.925524
     1.386      13.856479
     1.398      13.784989
     1.410      13.711075
     1.422      13.634760
     1.434      13.556065
     1.446      13.475012
     1.458      13.391624
     1.470      13.305923
     1.482      13.217930
     1.494      13.127668
     1.506      13.035158
     1.518      12.940424
     1.530      12.843486
     1.542      12.744367
     1.554      12.643088
     1.566      12.539673
     1.578      12.434142
     1.590      12.326519
     1.602      12.216825
     1.614      12.105081
     1.626      11.991311
     1.638      11.875536
     1.650      11.757778
     1.662      11.638059
     1.674      11.516402
     1.686      11.392827
     1.698      11.267359
     1.710      11.140017
     1.722      11.010825
     1.734      10.879805
     1.746      10.746978
     1.758      10.612366
     1.770      10.475992
     1.782      10.337878
     1.794      10.198045
     1.806      10.056516
     1.818       9.913313
     1.830       9.768457
     1.842       9.621972
     1.854       9.473878
     1.866       9.324198
     1.878       9.172954
     1.890       9.020168
     1.902       8.865862
     1.914       8.710059
     1.926       8.552779
     1.938       8.394045
     1.950       8.233880
     1.962       8.072305
     1.974       7.909342
     1.986       7.745013
     1.998       7.579341
     2.010       7.412347
     2.022       7.244054
     2.034       7.074483
     2.046       6.903656
     2.058       6.731596
     2.070       6.558325
     2.082       6.383864
     2.094       6.208236
     2.106       6.031463
     2.118       5.853566
     2.130       5.674568
     2.142       5.494491
     2.154       5.313357
     2.166       5.131188
     2.178       4.948005
     2.190       4.763832
     2.202       4.578690
     2.214       4.392601
     2.226       4.205587
     2.238       4.017670
     2.250       3.828872
     2.262       3.639215
     2.274       3.448722
     2.286       3.257414
     2.298       3.065313
     2.310       2.872442
     2.322       2.678822
     2.334       2.484476
     2.346       2.289425
     2.358       2.093692
     2.370       1.897298
     2.382       1.700266
     2.394       1.502618
     2.406       1.304375
     2.418       1.105560
     2.430       0.906195
     2.442       0.706302
     2.454       0.505902
     2.466       0.305019
     2.478       0.103673
     2.490      -0.098112
     2.502      -0.300316
     2.514      -0.502915
     2.526      -0.705889
     2.538      -0.909214
     2.550      -1.112869
     2.562      -1.316832
     2.574      -1.521080
     2.586      -1.725592
     2.598      -1.930346
     2.610      -2.135320
     2.622      -2.340491
     2.634      -2.545837
     2.646      -2.751337
     2.658      -2.956969
     2.670      -3.162710
     2.682      -3.368538
     2.694      -3.574431
     2.706      -3.780368
     2.718      -3.986326
     2.730      -4.192284
     2.742      -4.398218
     2.754      -4.604108
     2.766      -4.809930
     2.778      -5.015664
     2.790      -5.221287
     2.802      -5.426777
     2.814      -5.632111
     2.826      -5.837269
     2.838      -6.042227
     2.850      -6.246964
     2.862      -6.451458
     2.874      -6.655687
     2.886      -6.859628
     2.898      -7.063260
     2.910      -7.266561
     2.922      -7.469508
     2.934      -7.672080
     2.946      -7.874254
     2.958      -8.076008
     2.970      -8.277321
     2.982      -8.478171
     2.994      -8.678534
     3.006      -8.878390
     3.018      -9.077717
     3.030      -9.276491
     3.042      -9.474691
     3.054      -9.672296
     3.066      -9.869283
     3.078     -10.065630
     3.090     -10.261315
     3.102     -10.456315
     3.114     -10.650610
     3.126     -10.844177
     3.138     -11.036993
     3.150     -11.229037
     3.162     -11.420287
     3.174     -11.610721
     3.186     -11.800316
     3.198     -11.989051
     3.210     -12.176904
     3.222     -12.363852
     3.234     -12.549874
     3.246     -12.734947
     3.258     -12.919049
     3.270     -13.102159
     3.282     -13.284255
     3.294     -13.465313
     3.306     -13.645313
     3.318     -13.824233
     3.330     -14.002049
     3.342     -14.178740
     3.354     -14.354285
     3.366     -14.528661
     3.378     -14.701846
     3.390     -14.873817
     3.402     -15.044554
     3.414     -15.214034
     3.426     -15.382234
     3.438     -15.549134
     3.450     -15.714710
     3.462     -15.878941
     3.474     -16.041804
     3.486     -16.203279
     3.498     -16.363342
     3.510     -16.521971
     3.522     -16.679145
     3.534     -16.834842
     3.546     -16.989039
     3.558     -17.141714
     3.570     -17.292846
     3.582     -17.442412
     3.594     -17.590391
     3.606     -17.736760
     3.618     -17.881497
     3.630     -18.024580
     3.642     -18.165988
     3.654     -18.305697
     3.666     -18.443687
     3.678     -18.579934
     3.690     -18.714418
     3.702     -18.847115
     3.714     -18.978005
     3.726     -19.107064
     3.738     -19.234272
     3.750     -19.359605
     3.762     -19.483041
     3.774     -19.604560
     3.786     -19.724138
     3.798     -19.841754
     3.810     -19.957385
     3.822     -20.071010
     3.834     -20.182606
     3.846     -20.292152
     3.858     -20.399625
     3.870     -20.505004
     3.882     -20.608266
     3.894     -20.709389
     3.906     -20.808352
     3.918     -20.905132
     3.930     -20.999707
     3.942     -21.092055
     3.954     -21.182154
     3.966     -21.269983
     3.978     -21.355518
     3.990     -21.438739
     4.002     -21.519622
     4.014     -21.598146
     4.026     -21.674289
     4.038     -21.748029
     4.050     -21.819344
     4.062     -21.888211
     4.074     -21.954609
     4.086     -22.018516
     4.098     -22.079910
     4.110     -22.138768
     4.122     -22.195068
     4.134     -22.248789
     4.146     -22.299909
     4.158     -22.348405
     4.170     -22.394255
     4.182     -22.437438
     4.194     -22.477931
     4.206     -22.515712
     4.218     -22.550760
     4.230     -22.583052
     4.242     -22.612566
     4.254     -22.639280
     4.266     -22.663172
     4.278     -22.684220
     4.290     -22.702402
     4.302     -22.717696
     4.314     -22.730079
     4.326     -22.739531
     4.338     -22.746029
     4.350     -22.749550
     4.362     -22.750073
     4.374     -22.747576
     4.386     -22.742036
     4.398     -22.733432
     4.410     -22.721742
     4.422     -22.706943
     4.434     -22.689014
     4.446     -22.667932
     4.458     -22.643676
     4.470     -22.616223
     4.482     -22.585551
     4.494     -22.551639
     4.506     -22.514464
     4.518     -22.474004
     4.530     -22.430237
     4.542     -22.383141
     4.554     -22.332695
     4.566     -22.278875
     4.578     -22.221661
     4.590     -22.161030
     4.602     -22.096959
     4.614     -22.029427
     4.626     -21.958413
     4.638     -21.883893
     4.650     -21.805846
     4.662     -21.724249
     4.674     -21.639082
     4.686     -21.550321
     4.698     -21.457944
